{
 "cells": [
  {
   "cell_type": "markdown",
   "metadata": {},
   "source": [
    "# 1. 기존 데이터셋인 28일 중 5(혹은 n)일 이하로 들어온 사람들은 라벨 데이터에서 1일차에 그만뒀을 가능성이 높다.\n",
    "-> 기존에도 게임을 잘 하지 않은 인원은 높은 확률로 바로 이탈 할 것이다.\n"
   ]
  },
  {
   "cell_type": "code",
   "execution_count": null,
   "metadata": {},
   "outputs": [],
   "source": [
    "# 1. 기존 데이터셋인 28일 중 5(혹은 n)일 이하로 들어온 사람들은 라벨 데이터에서 1일차에 그만뒀을 가능성이 높다.\n",
    "# -> 기존에도 게임을 잘 하지 않은 인원은 높은 확률로 바로 이탈 할 것이다.\n",
    "\n",
    "# 2. 역으로 28일중 20(혹은 k)일 이상 들어온 사람들은 라벨 데이터에서 잔류(64일)를 기록할 가능성이 높다.\n",
    "\n",
    "# 3. 혈맹에 가입되어 있고, 관련된 플레이 시간이 지속적으로 있는 사람은 잔류 할 가능성이 높다.\n",
    "\n",
    "# 4. 1번 가설에서 예외적인 부분으로 20(혹은 i)일 이후에 게임을 시작한 인원들은 곧바로 이탈할 가능성이 낮다.\n",
    "\n",
    "# 5. 28일 동안의 기간동안의 접속 빈도가 지속적으로 혹은 후반부에 가면서 잦을수록 잔류할 가능성이 높다."
   ]
  },
  {
   "cell_type": "code",
   "execution_count": 1,
   "metadata": {},
   "outputs": [],
   "source": [
    "import pandas as pd\n",
    "import numpy as np\n",
    "import matplotlib.pyplot as plt\n"
   ]
  },
  {
   "cell_type": "code",
   "execution_count": null,
   "metadata": {},
   "outputs": [],
   "source": [
    "label = pd.read_csv('C:/Users/CPB06GameN/Desktop/PROGRAM/big/2019빅콘테스트_챔피언스리그_데이터_수정/train_label.csv')\n",
    "payment = pd.read_csv('C:/Users/CPB06GameN/Desktop/PROGRAM/big/2019빅콘테스트_챔피언스리그_데이터_수정/train_payment.csv')\n",
    "act = pd.read_csv('C:/Users/CPB06GameN/Desktop/PROGRAM/big/2019빅콘테스트_챔피언스리그_데이터_수정/train_activity.csv')\n",
    "trade = pd.read_csv('C:/Users/CPB06GameN/Desktop/PROGRAM/big/2019빅콘테스트_챔피언스리그_데이터_수정/train_trade.csv')\n",
    "combat = pd.read_csv('C:/Users/CPB06GameN/Desktop/PROGRAM/big/2019빅콘테스트_챔피언스리그_데이터_수정/train_combat.csv')\n",
    "pledge = pd.read_csv('C:/Users/CPB06GameN/Desktop/PROGRAM/big/2019빅콘테스트_챔피언스리그_데이터_수정/train_pledge.csv')\n",
    "\n",
    "\n",
    "\n",
    "label.head(10)\n",
    "# act2 = act[['day','acc_id','char_id','playtime']]\n",
    "# act2.head(10)\n",
    "# payment.head()\n",
    "# payment = payment.sort_values([\"acc_id\"], ascending=[False])   # 28일간 썼던 돈\n",
    "# payment[payment['acc_id']==74002].mean()\n",
    "# survived[survived['acc_id']==74002]"
   ]
  },
  {
   "cell_type": "code",
   "execution_count": 25,
   "metadata": {},
   "outputs": [
    {
     "data": {
      "text/plain": [
       "count    2.098792e+06\n",
       "mean     6.894916e-01\n",
       "std      9.570984e-01\n",
       "min      1.173470e-02\n",
       "25%      1.056123e-01\n",
       "50%      3.520410e-01\n",
       "75%      9.153067e-01\n",
       "max      9.087353e+00\n",
       "Name: amount_spent_y, dtype: float64"
      ]
     },
     "execution_count": 25,
     "metadata": {},
     "output_type": "execute_result"
    }
   ],
   "source": [
    "survived['amount_spent_y'].describe()"
   ]
  },
  {
   "cell_type": "code",
   "execution_count": 27,
   "metadata": {
    "scrolled": true
   },
   "outputs": [
    {
     "data": {
      "text/plain": [
       "((0, 21), (0, 21), (47151, 21))"
      ]
     },
     "execution_count": 27,
     "metadata": {},
     "output_type": "execute_result"
    }
   ],
   "source": [
    "act_label_pay = label.merge(act, on='acc_id', how='inner')\n",
    "act_label_pay1 = act_label_pay.merge(payment, on='acc_id', how='inner')\n",
    "act_label_pay1.head()\n",
    "\n",
    "survived = act_label_pay1[act_label_pay1['survival_time']==64]\n",
    "# survived = survived.groupby('acc_id')\n",
    "survived_money = survived[survived['amount_spent_y']>0]\n",
    "survived_nomoney = survived[survived['amount_spent_y']==0]\n",
    "\n",
    "survived_money.shape, survived.shape\n",
    "\n",
    "\n",
    "Abandoners = act_label_pay1[act_label_pay1['survival_time']!=64]\n",
    "Abandoners.head(10)\n",
    "Abandoners_2 = Abandoners[Abandoners['survival_time']<=2]\n",
    "Abandoners_50 = Abandoners[(Abandoners['survival_time']>=3)&(Abandoners['survival_time']>=50)]\n",
    "Abandoners_63 = Abandoners[(Abandoners['survival_time']>=51)&(Abandoners['survival_time']>=63)]\n",
    "\n",
    "Abandoners_2_money = Abandoners_2[Abandoners_2['amount_spent_y']>0.1056123]\n",
    "Abandoners_2_nomoney = Abandoners_2[Abandoners_2['amount_spent_y']==0.1056123]\n",
    "\n",
    "Abandoners_2_nomoney.shape, Abandoners_2_nomoney.shape, Abandoners_2.shape"
   ]
  },
  {
   "cell_type": "code",
   "execution_count": 7,
   "metadata": {},
   "outputs": [
    {
     "name": "stdout",
     "output_type": "stream",
     "text": [
      "survived = (992810, 19)\n",
      "Abandoners_2 = (24227, 19)\n",
      "Abandoners_50 = (78643, 19)\n",
      "Abandoners_63 = (4060, 19)\n"
     ]
    }
   ],
   "source": [
    "act_label = label.merge(act, on='acc_id', how='inner')\n",
    "survived = act_label[act_label['survival_time']==64]\n",
    "survived = survived.groupby('acc_id')\n",
    "survived_money = survived[survived['']]\n",
    "survived_nomoney\n",
    "# survived[survived['']]\n",
    "\n",
    "Abandoners = act_label[act_label['survival_time']!=64]\n",
    "Abandoners.head(10)\n",
    "Abandoners_2 = Abandoners[Abandoners['survival_time']<=2]\n",
    "Abandoners_50 = Abandoners[(Abandoners['survival_time']>=3)&(Abandoners['survival_time']>=50)]\n",
    "Abandoners_63 = Abandoners[(Abandoners['survival_time']>=51)&(Abandoners['survival_time']>=63)]\n",
    "\n",
    "# print(f\"survived = {survived.shape}\")\n",
    "print(f\"Abandoners_2 = {Abandoners_2.shape}\")\n",
    "print(f\"Abandoners_50 = {Abandoners_50.shape}\")\n",
    "print(f\"Abandoners_63 = {Abandoners_63.shape}\")"
   ]
  },
  {
   "cell_type": "code",
   "execution_count": 4,
   "metadata": {},
   "outputs": [
    {
     "data": {
      "text/html": [
       "<div>\n",
       "<style scoped>\n",
       "    .dataframe tbody tr th:only-of-type {\n",
       "        vertical-align: middle;\n",
       "    }\n",
       "\n",
       "    .dataframe tbody tr th {\n",
       "        vertical-align: top;\n",
       "    }\n",
       "\n",
       "    .dataframe thead th {\n",
       "        text-align: right;\n",
       "    }\n",
       "</style>\n",
       "<table border=\"1\" class=\"dataframe\">\n",
       "  <thead>\n",
       "    <tr style=\"text-align: right;\">\n",
       "      <th></th>\n",
       "      <th>acc_id</th>\n",
       "      <th>survival_time</th>\n",
       "      <th>amount_spent</th>\n",
       "      <th>day</th>\n",
       "      <th>char_id</th>\n",
       "      <th>playtime</th>\n",
       "      <th>npc_kill</th>\n",
       "      <th>solo_exp</th>\n",
       "      <th>party_exp</th>\n",
       "      <th>quest_exp</th>\n",
       "      <th>rich_monster</th>\n",
       "      <th>death</th>\n",
       "      <th>revive</th>\n",
       "      <th>exp_recovery</th>\n",
       "      <th>fishing</th>\n",
       "      <th>private_shop</th>\n",
       "      <th>game_money_change</th>\n",
       "      <th>enchant_count</th>\n",
       "    </tr>\n",
       "  </thead>\n",
       "  <tbody>\n",
       "    <tr>\n",
       "      <th>acc_id</th>\n",
       "      <td>1.000000</td>\n",
       "      <td>0.002771</td>\n",
       "      <td>0.008299</td>\n",
       "      <td>-0.003693</td>\n",
       "      <td>-0.005539</td>\n",
       "      <td>-0.044092</td>\n",
       "      <td>-0.023068</td>\n",
       "      <td>-0.005768</td>\n",
       "      <td>0.002109</td>\n",
       "      <td>0.009449</td>\n",
       "      <td>0.006945</td>\n",
       "      <td>-0.014774</td>\n",
       "      <td>-0.013881</td>\n",
       "      <td>0.000083</td>\n",
       "      <td>0.011330</td>\n",
       "      <td>0.025292</td>\n",
       "      <td>0.000112</td>\n",
       "      <td>-0.002183</td>\n",
       "    </tr>\n",
       "    <tr>\n",
       "      <th>survival_time</th>\n",
       "      <td>0.002771</td>\n",
       "      <td>1.000000</td>\n",
       "      <td>-0.120627</td>\n",
       "      <td>-0.049802</td>\n",
       "      <td>0.002433</td>\n",
       "      <td>0.016558</td>\n",
       "      <td>0.013253</td>\n",
       "      <td>0.011021</td>\n",
       "      <td>-0.022865</td>\n",
       "      <td>0.006565</td>\n",
       "      <td>0.011057</td>\n",
       "      <td>0.010878</td>\n",
       "      <td>0.011356</td>\n",
       "      <td>0.003405</td>\n",
       "      <td>-0.051030</td>\n",
       "      <td>0.058292</td>\n",
       "      <td>0.004666</td>\n",
       "      <td>0.003535</td>\n",
       "    </tr>\n",
       "    <tr>\n",
       "      <th>amount_spent</th>\n",
       "      <td>0.008299</td>\n",
       "      <td>-0.120627</td>\n",
       "      <td>1.000000</td>\n",
       "      <td>-0.015103</td>\n",
       "      <td>-0.014204</td>\n",
       "      <td>0.012110</td>\n",
       "      <td>0.003507</td>\n",
       "      <td>-0.021269</td>\n",
       "      <td>-0.020073</td>\n",
       "      <td>-0.014023</td>\n",
       "      <td>-0.011831</td>\n",
       "      <td>-0.003255</td>\n",
       "      <td>-0.002702</td>\n",
       "      <td>-0.004961</td>\n",
       "      <td>0.088723</td>\n",
       "      <td>0.082340</td>\n",
       "      <td>-0.001502</td>\n",
       "      <td>-0.002069</td>\n",
       "    </tr>\n",
       "    <tr>\n",
       "      <th>day</th>\n",
       "      <td>-0.003693</td>\n",
       "      <td>-0.049802</td>\n",
       "      <td>-0.015103</td>\n",
       "      <td>1.000000</td>\n",
       "      <td>0.002154</td>\n",
       "      <td>-0.073724</td>\n",
       "      <td>-0.237540</td>\n",
       "      <td>-0.127113</td>\n",
       "      <td>-0.031842</td>\n",
       "      <td>-0.016455</td>\n",
       "      <td>-0.041391</td>\n",
       "      <td>-0.043816</td>\n",
       "      <td>-0.042301</td>\n",
       "      <td>-0.016627</td>\n",
       "      <td>0.077792</td>\n",
       "      <td>-0.020636</td>\n",
       "      <td>-0.007717</td>\n",
       "      <td>0.010079</td>\n",
       "    </tr>\n",
       "    <tr>\n",
       "      <th>char_id</th>\n",
       "      <td>-0.005539</td>\n",
       "      <td>0.002433</td>\n",
       "      <td>-0.014204</td>\n",
       "      <td>0.002154</td>\n",
       "      <td>1.000000</td>\n",
       "      <td>0.001174</td>\n",
       "      <td>0.015079</td>\n",
       "      <td>-0.002055</td>\n",
       "      <td>-0.007966</td>\n",
       "      <td>-0.007346</td>\n",
       "      <td>0.003137</td>\n",
       "      <td>-0.000622</td>\n",
       "      <td>-0.001486</td>\n",
       "      <td>0.003742</td>\n",
       "      <td>-0.029473</td>\n",
       "      <td>-0.031180</td>\n",
       "      <td>-0.001264</td>\n",
       "      <td>-0.001376</td>\n",
       "    </tr>\n",
       "    <tr>\n",
       "      <th>playtime</th>\n",
       "      <td>-0.044092</td>\n",
       "      <td>0.016558</td>\n",
       "      <td>0.012110</td>\n",
       "      <td>-0.073724</td>\n",
       "      <td>0.001174</td>\n",
       "      <td>1.000000</td>\n",
       "      <td>0.442300</td>\n",
       "      <td>0.230591</td>\n",
       "      <td>0.069478</td>\n",
       "      <td>0.019941</td>\n",
       "      <td>0.245078</td>\n",
       "      <td>0.101967</td>\n",
       "      <td>0.095210</td>\n",
       "      <td>0.038403</td>\n",
       "      <td>0.162895</td>\n",
       "      <td>0.302768</td>\n",
       "      <td>0.004753</td>\n",
       "      <td>0.001321</td>\n",
       "    </tr>\n",
       "    <tr>\n",
       "      <th>npc_kill</th>\n",
       "      <td>-0.023068</td>\n",
       "      <td>0.013253</td>\n",
       "      <td>0.003507</td>\n",
       "      <td>-0.237540</td>\n",
       "      <td>0.015079</td>\n",
       "      <td>0.442300</td>\n",
       "      <td>1.000000</td>\n",
       "      <td>0.285842</td>\n",
       "      <td>0.038437</td>\n",
       "      <td>0.001457</td>\n",
       "      <td>0.158778</td>\n",
       "      <td>0.054773</td>\n",
       "      <td>0.050985</td>\n",
       "      <td>0.024169</td>\n",
       "      <td>0.009862</td>\n",
       "      <td>-0.039953</td>\n",
       "      <td>0.003427</td>\n",
       "      <td>-0.003479</td>\n",
       "    </tr>\n",
       "    <tr>\n",
       "      <th>solo_exp</th>\n",
       "      <td>-0.005768</td>\n",
       "      <td>0.011021</td>\n",
       "      <td>-0.021269</td>\n",
       "      <td>-0.127113</td>\n",
       "      <td>-0.002055</td>\n",
       "      <td>0.230591</td>\n",
       "      <td>0.285842</td>\n",
       "      <td>1.000000</td>\n",
       "      <td>0.071841</td>\n",
       "      <td>0.303875</td>\n",
       "      <td>0.284396</td>\n",
       "      <td>0.078577</td>\n",
       "      <td>0.075648</td>\n",
       "      <td>0.050806</td>\n",
       "      <td>0.027108</td>\n",
       "      <td>-0.028538</td>\n",
       "      <td>0.003020</td>\n",
       "      <td>-0.002989</td>\n",
       "    </tr>\n",
       "    <tr>\n",
       "      <th>party_exp</th>\n",
       "      <td>0.002109</td>\n",
       "      <td>-0.022865</td>\n",
       "      <td>-0.020073</td>\n",
       "      <td>-0.031842</td>\n",
       "      <td>-0.007966</td>\n",
       "      <td>0.069478</td>\n",
       "      <td>0.038437</td>\n",
       "      <td>0.071841</td>\n",
       "      <td>1.000000</td>\n",
       "      <td>0.065770</td>\n",
       "      <td>0.044488</td>\n",
       "      <td>0.050425</td>\n",
       "      <td>0.049230</td>\n",
       "      <td>0.038048</td>\n",
       "      <td>-0.015173</td>\n",
       "      <td>-0.009143</td>\n",
       "      <td>0.000130</td>\n",
       "      <td>-0.001294</td>\n",
       "    </tr>\n",
       "    <tr>\n",
       "      <th>quest_exp</th>\n",
       "      <td>0.009449</td>\n",
       "      <td>0.006565</td>\n",
       "      <td>-0.014023</td>\n",
       "      <td>-0.016455</td>\n",
       "      <td>-0.007346</td>\n",
       "      <td>0.019941</td>\n",
       "      <td>0.001457</td>\n",
       "      <td>0.303875</td>\n",
       "      <td>0.065770</td>\n",
       "      <td>1.000000</td>\n",
       "      <td>0.071646</td>\n",
       "      <td>0.044792</td>\n",
       "      <td>0.044861</td>\n",
       "      <td>0.026349</td>\n",
       "      <td>-0.025126</td>\n",
       "      <td>-0.014898</td>\n",
       "      <td>0.011029</td>\n",
       "      <td>-0.002076</td>\n",
       "    </tr>\n",
       "    <tr>\n",
       "      <th>rich_monster</th>\n",
       "      <td>0.006945</td>\n",
       "      <td>0.011057</td>\n",
       "      <td>-0.011831</td>\n",
       "      <td>-0.041391</td>\n",
       "      <td>0.003137</td>\n",
       "      <td>0.245078</td>\n",
       "      <td>0.158778</td>\n",
       "      <td>0.284396</td>\n",
       "      <td>0.044488</td>\n",
       "      <td>0.071646</td>\n",
       "      <td>1.000000</td>\n",
       "      <td>0.039446</td>\n",
       "      <td>0.038199</td>\n",
       "      <td>0.034456</td>\n",
       "      <td>0.066563</td>\n",
       "      <td>-0.036334</td>\n",
       "      <td>0.000049</td>\n",
       "      <td>-0.002953</td>\n",
       "    </tr>\n",
       "    <tr>\n",
       "      <th>death</th>\n",
       "      <td>-0.014774</td>\n",
       "      <td>0.010878</td>\n",
       "      <td>-0.003255</td>\n",
       "      <td>-0.043816</td>\n",
       "      <td>-0.000622</td>\n",
       "      <td>0.101967</td>\n",
       "      <td>0.054773</td>\n",
       "      <td>0.078577</td>\n",
       "      <td>0.050425</td>\n",
       "      <td>0.044792</td>\n",
       "      <td>0.039446</td>\n",
       "      <td>1.000000</td>\n",
       "      <td>0.997423</td>\n",
       "      <td>0.055662</td>\n",
       "      <td>-0.003887</td>\n",
       "      <td>-0.013032</td>\n",
       "      <td>0.001030</td>\n",
       "      <td>0.002822</td>\n",
       "    </tr>\n",
       "    <tr>\n",
       "      <th>revive</th>\n",
       "      <td>-0.013881</td>\n",
       "      <td>0.011356</td>\n",
       "      <td>-0.002702</td>\n",
       "      <td>-0.042301</td>\n",
       "      <td>-0.001486</td>\n",
       "      <td>0.095210</td>\n",
       "      <td>0.050985</td>\n",
       "      <td>0.075648</td>\n",
       "      <td>0.049230</td>\n",
       "      <td>0.044861</td>\n",
       "      <td>0.038199</td>\n",
       "      <td>0.997423</td>\n",
       "      <td>1.000000</td>\n",
       "      <td>0.053884</td>\n",
       "      <td>-0.004112</td>\n",
       "      <td>-0.012318</td>\n",
       "      <td>0.000678</td>\n",
       "      <td>0.002973</td>\n",
       "    </tr>\n",
       "    <tr>\n",
       "      <th>exp_recovery</th>\n",
       "      <td>0.000083</td>\n",
       "      <td>0.003405</td>\n",
       "      <td>-0.004961</td>\n",
       "      <td>-0.016627</td>\n",
       "      <td>0.003742</td>\n",
       "      <td>0.038403</td>\n",
       "      <td>0.024169</td>\n",
       "      <td>0.050806</td>\n",
       "      <td>0.038048</td>\n",
       "      <td>0.026349</td>\n",
       "      <td>0.034456</td>\n",
       "      <td>0.055662</td>\n",
       "      <td>0.053884</td>\n",
       "      <td>1.000000</td>\n",
       "      <td>0.012265</td>\n",
       "      <td>-0.005518</td>\n",
       "      <td>-0.006881</td>\n",
       "      <td>-0.000855</td>\n",
       "    </tr>\n",
       "    <tr>\n",
       "      <th>fishing</th>\n",
       "      <td>0.011330</td>\n",
       "      <td>-0.051030</td>\n",
       "      <td>0.088723</td>\n",
       "      <td>0.077792</td>\n",
       "      <td>-0.029473</td>\n",
       "      <td>0.162895</td>\n",
       "      <td>0.009862</td>\n",
       "      <td>0.027108</td>\n",
       "      <td>-0.015173</td>\n",
       "      <td>-0.025126</td>\n",
       "      <td>0.066563</td>\n",
       "      <td>-0.003887</td>\n",
       "      <td>-0.004112</td>\n",
       "      <td>0.012265</td>\n",
       "      <td>1.000000</td>\n",
       "      <td>-0.030265</td>\n",
       "      <td>-0.002833</td>\n",
       "      <td>0.002942</td>\n",
       "    </tr>\n",
       "    <tr>\n",
       "      <th>private_shop</th>\n",
       "      <td>0.025292</td>\n",
       "      <td>0.058292</td>\n",
       "      <td>0.082340</td>\n",
       "      <td>-0.020636</td>\n",
       "      <td>-0.031180</td>\n",
       "      <td>0.302768</td>\n",
       "      <td>-0.039953</td>\n",
       "      <td>-0.028538</td>\n",
       "      <td>-0.009143</td>\n",
       "      <td>-0.014898</td>\n",
       "      <td>-0.036334</td>\n",
       "      <td>-0.013032</td>\n",
       "      <td>-0.012318</td>\n",
       "      <td>-0.005518</td>\n",
       "      <td>-0.030265</td>\n",
       "      <td>1.000000</td>\n",
       "      <td>0.022998</td>\n",
       "      <td>-0.001762</td>\n",
       "    </tr>\n",
       "    <tr>\n",
       "      <th>game_money_change</th>\n",
       "      <td>0.000112</td>\n",
       "      <td>0.004666</td>\n",
       "      <td>-0.001502</td>\n",
       "      <td>-0.007717</td>\n",
       "      <td>-0.001264</td>\n",
       "      <td>0.004753</td>\n",
       "      <td>0.003427</td>\n",
       "      <td>0.003020</td>\n",
       "      <td>0.000130</td>\n",
       "      <td>0.011029</td>\n",
       "      <td>0.000049</td>\n",
       "      <td>0.001030</td>\n",
       "      <td>0.000678</td>\n",
       "      <td>-0.006881</td>\n",
       "      <td>-0.002833</td>\n",
       "      <td>0.022998</td>\n",
       "      <td>1.000000</td>\n",
       "      <td>0.000075</td>\n",
       "    </tr>\n",
       "    <tr>\n",
       "      <th>enchant_count</th>\n",
       "      <td>-0.002183</td>\n",
       "      <td>0.003535</td>\n",
       "      <td>-0.002069</td>\n",
       "      <td>0.010079</td>\n",
       "      <td>-0.001376</td>\n",
       "      <td>0.001321</td>\n",
       "      <td>-0.003479</td>\n",
       "      <td>-0.002989</td>\n",
       "      <td>-0.001294</td>\n",
       "      <td>-0.002076</td>\n",
       "      <td>-0.002953</td>\n",
       "      <td>0.002822</td>\n",
       "      <td>0.002973</td>\n",
       "      <td>-0.000855</td>\n",
       "      <td>0.002942</td>\n",
       "      <td>-0.001762</td>\n",
       "      <td>0.000075</td>\n",
       "      <td>1.000000</td>\n",
       "    </tr>\n",
       "  </tbody>\n",
       "</table>\n",
       "</div>"
      ],
      "text/plain": [
       "                     acc_id  survival_time  amount_spent       day   char_id  \\\n",
       "acc_id             1.000000       0.002771      0.008299 -0.003693 -0.005539   \n",
       "survival_time      0.002771       1.000000     -0.120627 -0.049802  0.002433   \n",
       "amount_spent       0.008299      -0.120627      1.000000 -0.015103 -0.014204   \n",
       "day               -0.003693      -0.049802     -0.015103  1.000000  0.002154   \n",
       "char_id           -0.005539       0.002433     -0.014204  0.002154  1.000000   \n",
       "playtime          -0.044092       0.016558      0.012110 -0.073724  0.001174   \n",
       "npc_kill          -0.023068       0.013253      0.003507 -0.237540  0.015079   \n",
       "solo_exp          -0.005768       0.011021     -0.021269 -0.127113 -0.002055   \n",
       "party_exp          0.002109      -0.022865     -0.020073 -0.031842 -0.007966   \n",
       "quest_exp          0.009449       0.006565     -0.014023 -0.016455 -0.007346   \n",
       "rich_monster       0.006945       0.011057     -0.011831 -0.041391  0.003137   \n",
       "death             -0.014774       0.010878     -0.003255 -0.043816 -0.000622   \n",
       "revive            -0.013881       0.011356     -0.002702 -0.042301 -0.001486   \n",
       "exp_recovery       0.000083       0.003405     -0.004961 -0.016627  0.003742   \n",
       "fishing            0.011330      -0.051030      0.088723  0.077792 -0.029473   \n",
       "private_shop       0.025292       0.058292      0.082340 -0.020636 -0.031180   \n",
       "game_money_change  0.000112       0.004666     -0.001502 -0.007717 -0.001264   \n",
       "enchant_count     -0.002183       0.003535     -0.002069  0.010079 -0.001376   \n",
       "\n",
       "                   playtime  npc_kill  solo_exp  party_exp  quest_exp  \\\n",
       "acc_id            -0.044092 -0.023068 -0.005768   0.002109   0.009449   \n",
       "survival_time      0.016558  0.013253  0.011021  -0.022865   0.006565   \n",
       "amount_spent       0.012110  0.003507 -0.021269  -0.020073  -0.014023   \n",
       "day               -0.073724 -0.237540 -0.127113  -0.031842  -0.016455   \n",
       "char_id            0.001174  0.015079 -0.002055  -0.007966  -0.007346   \n",
       "playtime           1.000000  0.442300  0.230591   0.069478   0.019941   \n",
       "npc_kill           0.442300  1.000000  0.285842   0.038437   0.001457   \n",
       "solo_exp           0.230591  0.285842  1.000000   0.071841   0.303875   \n",
       "party_exp          0.069478  0.038437  0.071841   1.000000   0.065770   \n",
       "quest_exp          0.019941  0.001457  0.303875   0.065770   1.000000   \n",
       "rich_monster       0.245078  0.158778  0.284396   0.044488   0.071646   \n",
       "death              0.101967  0.054773  0.078577   0.050425   0.044792   \n",
       "revive             0.095210  0.050985  0.075648   0.049230   0.044861   \n",
       "exp_recovery       0.038403  0.024169  0.050806   0.038048   0.026349   \n",
       "fishing            0.162895  0.009862  0.027108  -0.015173  -0.025126   \n",
       "private_shop       0.302768 -0.039953 -0.028538  -0.009143  -0.014898   \n",
       "game_money_change  0.004753  0.003427  0.003020   0.000130   0.011029   \n",
       "enchant_count      0.001321 -0.003479 -0.002989  -0.001294  -0.002076   \n",
       "\n",
       "                   rich_monster     death    revive  exp_recovery   fishing  \\\n",
       "acc_id                 0.006945 -0.014774 -0.013881      0.000083  0.011330   \n",
       "survival_time          0.011057  0.010878  0.011356      0.003405 -0.051030   \n",
       "amount_spent          -0.011831 -0.003255 -0.002702     -0.004961  0.088723   \n",
       "day                   -0.041391 -0.043816 -0.042301     -0.016627  0.077792   \n",
       "char_id                0.003137 -0.000622 -0.001486      0.003742 -0.029473   \n",
       "playtime               0.245078  0.101967  0.095210      0.038403  0.162895   \n",
       "npc_kill               0.158778  0.054773  0.050985      0.024169  0.009862   \n",
       "solo_exp               0.284396  0.078577  0.075648      0.050806  0.027108   \n",
       "party_exp              0.044488  0.050425  0.049230      0.038048 -0.015173   \n",
       "quest_exp              0.071646  0.044792  0.044861      0.026349 -0.025126   \n",
       "rich_monster           1.000000  0.039446  0.038199      0.034456  0.066563   \n",
       "death                  0.039446  1.000000  0.997423      0.055662 -0.003887   \n",
       "revive                 0.038199  0.997423  1.000000      0.053884 -0.004112   \n",
       "exp_recovery           0.034456  0.055662  0.053884      1.000000  0.012265   \n",
       "fishing                0.066563 -0.003887 -0.004112      0.012265  1.000000   \n",
       "private_shop          -0.036334 -0.013032 -0.012318     -0.005518 -0.030265   \n",
       "game_money_change      0.000049  0.001030  0.000678     -0.006881 -0.002833   \n",
       "enchant_count         -0.002953  0.002822  0.002973     -0.000855  0.002942   \n",
       "\n",
       "                   private_shop  game_money_change  enchant_count  \n",
       "acc_id                 0.025292           0.000112      -0.002183  \n",
       "survival_time          0.058292           0.004666       0.003535  \n",
       "amount_spent           0.082340          -0.001502      -0.002069  \n",
       "day                   -0.020636          -0.007717       0.010079  \n",
       "char_id               -0.031180          -0.001264      -0.001376  \n",
       "playtime               0.302768           0.004753       0.001321  \n",
       "npc_kill              -0.039953           0.003427      -0.003479  \n",
       "solo_exp              -0.028538           0.003020      -0.002989  \n",
       "party_exp             -0.009143           0.000130      -0.001294  \n",
       "quest_exp             -0.014898           0.011029      -0.002076  \n",
       "rich_monster          -0.036334           0.000049      -0.002953  \n",
       "death                 -0.013032           0.001030       0.002822  \n",
       "revive                -0.012318           0.000678       0.002973  \n",
       "exp_recovery          -0.005518          -0.006881      -0.000855  \n",
       "fishing               -0.030265          -0.002833       0.002942  \n",
       "private_shop           1.000000           0.022998      -0.001762  \n",
       "game_money_change      0.022998           1.000000       0.000075  \n",
       "enchant_count         -0.001762           0.000075       1.000000  "
      ]
     },
     "execution_count": 4,
     "metadata": {},
     "output_type": "execute_result"
    }
   ],
   "source": [
    "Abandoners_2.corr()"
   ]
  },
  {
   "cell_type": "code",
   "execution_count": 5,
   "metadata": {},
   "outputs": [
    {
     "data": {
